# oST version 5.0 parameters


[image]

width
640

height
480

[narrow_stereo/right]

camera matrix
743.437132 0.000000 268.628287
0.000000 759.143826 259.982475
0.000000 0.000000 1.000000

distortion
-0.438272 0.699473 -0.002969 -0.004071 0.000000

rectification
0.999495 -0.012037 -0.029407
0.011979 0.999926 -0.002163
0.029431 0.001810 0.999565

projection
793.767919 0.000000 326.577679 4.291286
0.000000 793.767919 269.427090 0.000000
0.000000 0.000000 1.000000 0.000000
