# oST version 5.0 parameters


[image]

width
640

height
480

[narrow_stereo/right]

camera matrix
744.16396 0.000000 314.95347
0.000000 572.07163 260.18808
0.000000 0.000000 1.000000

distortion
-0.37325 0.60061 0.01795 -0.00535 0.000000

rectification
0.999495 -0.012037 -0.029407
0.011979 0.999926 -0.002163
0.029431 0.001810 0.999565

projection
744.16396 0.000000 314.95347 -5.39561
0.000000 572.07163 260.18808 0.01970
0.000000 0.000000 1.000000 0.000000
