# oST version 5.0 parameters


[image]

width
640

height
480

[narrow_stereo/left]

camera matrix
751.70292 0.000000 261.38444
0.000000 575.45163 246.68963
0.000000 0.000000 1.000000

distortion
-0.40020 0.49976 -0.00370 -0.00143 0.000000

rectification
0.998949 -0.004580 -0.045599
0.004671 0.999987 0.001881
0.045590 -0.002092 0.998958

projection
751.70292 0.000000 261.38444 0.000000
0.000000 575.45163 246.68963 0.000000
0.000000 0.000000 1.000000 0.000000
