# oST version 5.0 parameters


[image]

width
640

height
480

[narrow_stereo/left]

camera matrix
730.856864 0.000000 327.925520
0.000000 751.227661 275.954225
0.000000 0.000000 1.000000

distortion
-0.360538 0.534555 0.018933 -0.007486 0.000000

rectification
0.998949 -0.004580 -0.045599
0.004671 0.999987 0.001881
0.045590 -0.002092 0.998958

projection
793.767919 0.000000 326.577679 0.000000
0.000000 793.767919 269.427090 0.000000
0.000000 0.000000 1.000000 0.000000
