# oST version 5.0 parameters


[image]

width
640

height
480

[narrow_stereo/left]

camera matrix
7.6050085103851848e+02 0. 2.1720442989755719e+02
0.000000 7.6050085103851848e+02 2.9171661235110594e+02
0.000000 0.000000 1.000000

distortion
-0.393876 0.683578 0.018880 -0.004928 0.000000

rectification
9.7059108440415021e-01 1.0574982901917099e-01 -2.1626354417143887e-01
-1.0132930673862756e-01 9.9435539788662963e-01 3.1459724881055931e-02
2.1836968304012561e-01 -8.6206934836298467e-03 9.7582804078014507e-01

projection
6.3486119902191137e+02 0. 4.7231174850463867e+02 0
0.000000 6.3486119902191137e+02 2.3816731786727905e+02 0.
0.000000 0.000000 1.000000 0.000000

# oST version 5.0 parameters


[image]

width
640

height
480

[narrow_stereo/right]

camera matrix
7.6050085103851848e+02 0. 1.7574533514545371e+02
0.000000 7.6050085103851848e+02 2.5088554197077687e+02
0.000000 0.000000 1.000000

distortion
-0.442333 0.589253 -0.004736 0.000210 0.000000

rectification
9.7961168289246525e-01 9.2820345478792740e-02 -1.7817220379674781e-01
-9.6416862205188802e-02 9.9527326885464207e-01 -1.1615032755061150e-02
1.7625192033875239e-01 2.8557026606302400e-02 9.8393076830044757e-01

projection
6.3486119902191137e+02 0.000000 3.0490933227539062e+02 4.3281258836234562e+00
0.000000 6.3486119902191137e+02 2.3816731786727905e+02 0.000000
0.000000 0.000000 1.000000 0.000000

